2062934634
1632505567
1652645142
839491453
1883774579
2135224433
1556813286
1709981033
1468425896
782597923
1899105100
646616481
763043917
899567622
1064591170
2014054053
1163512394
106607515
1494943783
1017541350
659838735
1931817734
2073549059
392545500
1832458610
899493046
1780723786
1918788137
389559137
1109982800
392331930
305010124
595004719
2044977073
1144501577
331295650
2032717858
553831215
2041276683
1353660106
1336429138
1792898135
2000276587
2099473055
544982109
917384109
1966043461
1708494504
1023991625
1313503596
578552206
1683830360
1097837682
504617617
2076375860
782812644
1404110664
1709615998
554117133
1793669801
672115150
946449064
2098679925
1267119869
843942489
1095697854
1598415520
729176699
1649529069
1492208555
2082836806
838474559
1137623043
1935629745
790463967
1682605152
705530207
609023780
1243616008
1729521832
1922527376
1822168215
1265868544
872881410
179302184
1194760756
1655694054
1583412848
756893106
62327539
1229599002
1429008256
1008776603
1180795279
548644477
1852719092
129009486
2147059997
434412144
1778538555
1491784905
369765302
469529467
481924300
157911399
1259993434
17045804
863441606
1869017214
1260661813
445479790
1644060942
935346380
1711348334
369458704
1114648564
758625442
2025152758
550577765
1515518548
2087480297
1780176767
797043156
948773253
813488398
1345687634
654008697
942497884
1345263983
1088420841
573552792
689565240
1458186143
1043082259
1171489540
1616097543
155592045
1188535345
332055501
2024609259
301713510
777535292
1521186553
1237059890
341399978
1890645257
204224806
1100025421
1768314367
754802571
468060321
1708311016
387495690
1265103478
509600621
1200984089
463307464
1163609319
2143481973
1808571447
104546512
569551117
350653040
1562732656
1612633376
1522142580
1031346551
1768225421
563194277
1363402052
1645351032
864907787
2140937344
1019053937
2101967677
334853675
762215546
158708836
1434879096
383046265
913511407
1902939417
2091357282
1301007098
1020559247
453474255
354507539
1483866711
1617083574
350505864
1144954511
1721630087
920056982
1495607551
1136879095
385206710
870266483
20741998
5948484
1433460761
1384144050
1651299516
150884900
1377597747
522869806
105368930
1712451422
1285085352
264077766
999846870
1668131618
1177589173
755302639
1612005252
331112623
1775861887
2065479507
685620162
1112244950
1535079434
1036126027
109715813
1109225873
1956183009
1605323364
98621320
193906071
328106200
119363318
199854555
1761566961
1503507368
1851154072
1912451861
733621467
226540230
2017820791
298589241
1511625582
134414909
1298436111
1032273552
1312004083
2053738751
496795156
1643116706
1682116990
414791016
181253221
646878292
1949870450
1217379248
756594106
911612675
1026078609
214433822
1010233995
1219984680
542540022
1129597313
1419839236
156623335
485621033
1123509660
2069075197
1219242501
1350049890
1939412340
1517831742
714191824
2073827250
668784206
1746465377
1238347685
575039309
95776885
733980743
109672651
510567901
915233964
756550943
312954703
2132613212
1513145049
1224567378
1011208173
1727578872
87317725
83709206
122635246
1216915038
1503548442
279258582
1702536072
479574454
200850131
774294925
1829624344
2140262471
144643019
396332520
2066606073
813427225
2142797897
1157470110
1388466534
91091135
1891450854
1498139185
601659036
659201170
107206481
914613740
644330735
1620351530
2139181118
1655538908
1200446754
79015196
1739248114
1323082001
1295930234
1095312908
1602340583
850982658
1574887362
1803190714
1625277583
1257028058
1795969537
1769920603
1653360579
1715091963
435864180
1648674828
725078425
1824330715
1739765963
469045631
1174986252
193941352
1128246802
1282192733
1108555092
1772577537
755060616
1100252562
1280632797
1955507370
1179267758
872397264
1131105723
327714345
1967710172
585962658
1178697003
1395113887
241669724
656490939
504658297
2037639262
278927894
10535228
1605247577
714792074
1659210057
182842354
391639141
1251492372
651887986
1566625394
1445433724
1780134788
701334479
406505168
1405228677
1456395095
1506757731
538377826
1264418818
538541841
1410775090
248040893
866256186
1231001615
834003552
2044953190
478631854
1075673276
553960481
983290151
965828890
832888375
993825380
423592819
1547680449
505551789
606435174
1939319591
1757044161
1258323160
1358461337
1054994238
890974300
2059795816
1461499406
148719329
1368707264
820773489
687097155
485642434
1359315331
2097872246
733683327
78087869
1181390213
1567686879
2123041059
1660022067
495876508
529517892
495828570
1461705398
1362406267
1489653950
1885298218
762603069
1995205739
344249744
554439012
1604766253
1602572904
1912900349
512276843
346063556
1825212517
1973776249
494782885
1046436133
647066091
1181880040
1532078567
2006381422
1132268638
118278247
2084469291
166175203
1685965126
2060026703
1826197270
34357986
442060947
174542193
1496063385
1804467215
1664196143
1233877955
419586636
1511918235
1578127699
974025648
969200840
1033216955
739442349
1481477683
1379280511
417171218
1307770284
1874063396
1463607352
1954836375
908459788
848202271
1813734149
2040728427
966480518
1750719793
59419982
504961997
1663262848
1885617253
539319983
2105323795
2060159446
2035383368
1762307362
1576871941
1121777675
34410350
941306528
552421726
1008435998
1910507368
1585638681
1747878347
1244501403
817435544
17565918
404788040
544015292
1481173270
212140767
1452475081
181891893
2025874917
1345719860
1148372412
1629111062
1405139842
1653334409
1144890262
1143273447
45170744
1102730409
1055949245
2080554113
717554124
485337539
1054848140
751964474
1426644067
1607269867
1760400473
1189667788
1045424900
1360795172
286685543
1862860445
1378361090
691473583
259392089
712050712
903614351
1711867170
893942606
782005620
910103382
2042315018
263633034
167759577
1548165779
1408523296
1311033024
1593336523
363770057
219498622
1526406988
1081324181
704836161
433771481
1833288656
2131480228
2041041348
1446205481
1173664368
938982600
659517005
1460349912
654359397
2037878096
4339847
913751487
602445160
907954198
478135009
1496387766
1689959818
1388238392
1391219136
1953592852
1555997969
791901267
1214632500
719547345
237754143
1578402558
939045967
1764161131
512243091
1643882128
50448964
198048099
1627878709
2091490312
1644253580
654059429
882989265
156286938
2114409341
1537348662
46681386
2118749189
303616501
649126546
879219739
781751511
2145514313
421695910
22506255
1389249801
227805114
1578504224
33667421
1442437615
150567921
271421564
873356525
1089613889
2035582695
1385599616
586012369
2086031660
1583647716
66407430
2030038324
1080417648
720466860
765543941
1236704586
687392553
155408956
1283385972
658658094
459025457
1932512519
1537877834
1240776968
1930543184
1959573744
1263283223
1172309337
39895210
694303799
1205976758
1482332825
844871721
1477398322
208205702
1934485610
1365497370
1593805319
373014331
1304045382
1029969387
439421762
1186600058
2110387035
1159888622
1952144000
1199607974
1847281175
2107552956
335510298
358455622
419094765
120539169
1896333456
1659871734
2051082353
1708423552
775671309
1075908043
1748318762
1469975109
134401153
1083167940
167363182
1611799476
1291373642
2101848792
829813198
737695313
327379475
2133858580
1767664700
766801237
1172974990
1730568088
1926689859
977635342
782692414
1626487387
937704650
1118202712
1984943009
1356799416
1238741882
1733792817
869187502
1142340587
1294732721
1644858811
70764982
895567835
967350272
205166136
1978735775
1134713454
1816965612
1122625770
1089078598
499295162
1860321083
1416458074
485670094
1480502136
35775663
1658645084
1063586576
1962465523
488796779
1846278990
1441469262
1426501429
816998054
1278928623
635817197
2055739936
865237792
1505004699
1050596876
12486865
1002379863
1121361858
908054700
1969730135
1326527994
739306828
956959942
996009958
1861932598
2046038540
1495305120
1574770033
1315012966
1980975214
907788521
1350788630
1492136651
1971375097
1165770505
1980933430
1670170439
459756119
1259951211
339684846
1738684742
1895768409
247941134
456438886
1253289460
1298538010
468925751
108185675
272416221
1376980451
2077915811
1598944215
2116287279
887392105
447470526
1830736229
785946997
1942775646
1258022615
2100959964
1776267213
18327488
1304264946
1120920216
1989702586
322551803
954369998
1512389377
782307922
66837561
1852074223
373509016
1962605970
2100015358
829947902
1068411783
1251069720
1298873653
1176597458
1523485941
528370456
1107029621
974946509
497174088
1994421726
1422417035
180426669
632885076
1217709033
1438449284
586361392
846492598
1456776773
1890626338
1967412814
1298995711
65694493
774299164
663901440
848002415
841136726
368492016
1221511431
656259048
321023726
2051459333
1724670831
1572093446
1202849338
753784642
948095740
1731219794
1860814263
1923042249
80910234
1707752342
1197975636
261336904
193153770
268201021
1699786188
779515162
1114693620
1009079313
522657852
934622786
160591376
588352345
1708921951
824492817
1436354760
402575029
1192984833
510382543
1058834077
1514008559
414358228
636021261
938618357
1617207566
1389805903
1886714097
1200943712
1103136518
1662272698
1281853947
663405212
712764686
1543190851
856558982
980965708
1095493391
1636074144
2095659328
2104572705
11248348
882798466
117680433
599600693
444236769
942173250
2035955453
846811798
2135158083
398854348
1905645876
1501682994
813212576
394183489
292817704
282936494
1783989392
32048153
1483880207
739642262
1694320852
618250506
1403047475
259601890
13957709
112122809
1240567598
1109451100
1748196954
1188743278
1066540157
1759445302
2071541745
1184220591
211562348
368294866
2126393841
100034153
1215106665
2114068277
498888502
973268893
1468267623
1312101078
1367452382
1761085327
1595037573
1003958126
1793133481
931434132
1743600388
1339970685
1549684638
999164215
1599572575
1563642347
1111287025
692656526
525609799
712000331
1881399804
1592149957
323961985
1805457901
628886900
535524333
26269120
607797093
635558487
1241375785
574381722
1134446989
67161030
2042649346
299064419
1434613412
1656251025
1894101992
291087890
1301900858
678052476
2034688278
494387895
80253466
886368846
2093960471
1643895813
1997655871
639133349
22021965
562172554
373049505
1614171922
886134539
31023759
95575174
1421658873
57292879
703372267
2057217360
1298668664
1277753990
1044180701
1365829694
1172919688
1343245120
652959458
681687065
1089863465
944047348
1983587924
1767915941
831251978
330492171
1848169408
1717620824
276968994
1344581573
1567793047
916102343
1366603538
2129965601
1289151849
833291812
868616493
1320175608
928866986
142791718
1377468487
1632239254
52525430
528653503
762509596
1096706131
1894483197
1935429284
292467603
399959007
469632701
1382331068
1344006355
305736977
1002763362
27774685
636229149
703449122
1745395510
913198143
2048030695
1165704909
1829300487
1267150586
1148186863
970968688
2100442398
2016803356
143660648
881825737
12111426
1521129135
366581343
64636856
2049782638
1129090939
1161342987
1796782187
917036575
1453810590
49257546
1386669276
688658011
1393263901
1692406254
1691421373
1421038586
181151755
247386847
1018950448
1094349898
147933894
37171710
776166737
1415084480
1185358573
1747135425
1368043231
1054678281
1890796073
102385320
1066789707
1264441560
468966663
1131426563
1166740550
1598057602
145285902
816039089
367610529
1599096492
865296635
1754279805
140270855
111076888
1299202411
1831692228
1532115475
1480354166
2079079075
403582275
427220417
79529322
440753985
1203387154
1494613802
1626112558
803038932
715173385
533307191
546351357
817558705
1600096898
1810792918
1286525368
584039813
830049820
737099322
729325715
1646088910
1104709851
180938560
363901897
711506009
321209415
474978786
2010708420
5417996
2007094261
1343578939
2084497071
263192888
1770799356
16542745
703946874
826702862
1511156548
182575784
1629741794
78846285
715882976
28609504
896404991
168496226
1839402422
35446711
752536040
521968594
772546034
1481861755
20573856
1877255885
1662800315
384475754
441278246
1984009731
859454540
304503019
1989427727
719065153
1648081958
1926441150
982258041
1271397666
1942983896
1686204915
2098100528
1306656796
1868780700
1580358675
1385503081
437180028
1608968179
134424424
605676254
1300886953
169871136
1358212294
1822855547
942417170
692590402
1843429404
672189407
207907069
80421510
1113467654
44433152
939876050
1417970673
2033860879
1658941203
918568983
1812818382
493715596
42483001
1608318630
32436864
2140583529
767491778
1901217564
1573458556
5511211
190913944
1034943087
139935636
796590198
188346392
309806772
7318845
2011201940
1252223942
699909247
1707147696
1924413349
907816316
1787569206
890397355
952249469
579961608
160884380
838626700
91419163
1079453363
503961434
585134759
1121936364
2112280064
617571623
1115036246
732288194
371305539
541011154
737799406
562219483
1575954242
877735042
1358809682
1764300634
1187541814
1366128527
1628018926
292282108
2066037774
1187682974
69211809
826370442
827768532
959609165
1778619911
1407730140
1120493545
469762964
1499149303
52463261
973724398
2084284063
1174399625
938520815
554372038
141952223
1670809009
925677578
682963378
261124767
1487897061
111433972
1138859809
699223095
1875734606
178917975
2065351622
1356269885
471200083
1983905748
396469211
540411893
662792543
1224237744
1500021058
293928806
484484236
473030955
763691770
1983633540
525494216
1737416169
1920433955
1699893842
528453336
327322345
1841846065
51778697
1252999923
377325795
312903465
593413337
488759767
1451763274
1292636432
217010726
1630681250
1210504407
1573280611
2101881333
1046926507
1969749822
494809578
1709719050
1046503918
1994830636
2003647857
1530988155
320377944
619855979
1367138047
845872160
209788500
1140088354
398282354
738241836
1467410699
92644772
790020534
572926975
469970567
1102923999
1166340312
958730335
407203625
311493096
1175741061
2037884875
1521997503
601538024
1992282561
421440363
423804198
339608491
2131159413
1470308117
186955480
1987323622
853812624
507333424
459695954
73467023
1353205584
669484454
1213555377
1751487939
1407726291
533482428
1844132711
50263177
1106409403
166619630
1153187176
125266067
1125349965
1560390801
436759164
153607378
1450792029
1958756667
755145402
1295590942
232713382
1178949601
1635199433
216389148
501774070
1822154913
56229122
1355586694
182004689
515925076
1429053717
1535210274
1185409531
495125446
1139214565
445652174
1028607874
835863628
495915351
2135017278
1002483258
1649102527
112799697
2127833224
1062009680
549558861
133956954
365318061
360831881
889102357
1660909003
593545263
2068051958
1148624789
809934411
422342380
823296054
866163534
1777929074
1005300744
1382088610
1059499143
393027370
420014493
1554624589
1532241935
865666667
435748815
220621915
1361582018
423282445
1223105173
863200897
536082143
1203454749
1925210578
1085641004
1337411704
143044991
1446472885
79030413
1803953995
2040018149
2147082371
805095136
702468912
421941103
1628391190
1568632446
52386529
486208286
803237409
1111885672
879235656
1223251902
519026613
263993943
2088918570
954775428
484615858
1303016940
1378057874
1707721032
18734190
1914140017
763692133
1943944768
852297373
2101103837
2086989759
151286611
32650602
1743460106
43821112
32249325
401071594
746290024
454190428
2029462785
167438823
506576957
368187423
970676232
1618462629
1247423080
46444486
2137489242
1511417023
2135363056
944781023
1996032882
1290896349
175355249
1556270266
1309630539
2089495266
172478751
1106091659
794308991
126098941
1045597770
945595602
158749543
641574229
989416714
190998869
1042645823
1735706739
645189297
924624960
1903145562
1151766255
1292812384
726338146
622745236
392751816
772782632
612750831
1904168839
760662041
1557531854
1752718073
2051558390
1732887103
1161504691
1213705281
1674898721
1333983443
172313292
321724064
1460082384
1217911062
1267319667
1618831927
1859485291
109252733
1809830796
754647467
1844959472
307536446
1679272427
1600621386
1459302701
824601163
179475884
2082047937
1217352979
952258517
547315120
974038171
1712920558
2104846974
579272596
1616995300
1690250429
1740777288
683216933
1217665502
927277083
855530225
1539389567
239875819
2073441287
659225586
1858707746
1785442931
768478319
1521054895
392606750
465954144
1828591341
2071879177
2066575530
1140410394
748996693
98567767
1074974683
1966349672
1050826284
1622289804
792904195
616263194
1579653130
1372176792
85774846
1122419912
965470432
768991779
192601766
1892747515
1624522004
1731991333
2132623334
1550479643
243733271
1843847432
1188438926
1012211591
1217418679
1581045676
1478165735
898526372
1505441206
1397257617
2038936766
106954251
1495825384
966427802
2073303923
399168020
441233958
718724471
1015431214
2020887088
2090901263
1101206060
995823352
908888047
1870197839
1188425119
654151914
1347236195
772932804
639291600
750232191
1016666076
335655384
1938671117
2028877667
1553074064
1372233146
1359559754
304116788
730190704
609333723
195569907
837144955
2105159108
1161997709
762965230
356843480
1603231667
1481689701
1372274695
1476635107
1425107316
325997107
324974812
186511715
48711299
1513399931
840663629
1395947494
138849087
1479955229
2146179685
1155515163
1815610614
1937367155
1036909182
1221201030
1162116653
248985288
1525317818
1892307357
858319012
1720887725
581968664
815994472
735401786
1344933894
1172837952
191149805
679139948
397628999
1667784913
2104247264
723626107
1992759725
143275332
772337406
1358676008
983938961
20801252
1497525095
316410543
19497290
505556611
2132021157
1956864445
1542465793
1205738539
971497450
1791451082
583572709
716321159
502286446
156976787
1298289823
1318280918
892378573
495740069
343635222
1083528379
1174880017
741264222
603829644
1131643634
1464890329
449105721
1274918966
89744087
1807781729
111374279
110545339
1157823176
427784822
130042629
1663379787
412322331
2086907074
1058361933
1618060870
910920876
702329367
54149932
1627242035
1204615813
211126719
778048210
375413083
1103505292
1273788280
719048305
39550023
301184649
1460312527
643379667
1432828283
777719208
1092485388
560263601
867463295
752783469
671637881
978008635
1910606646
1099422703
1108051264
1426502785
1511745035
1047474691
337381070
982322257
1958395567
1039710437
1036472189
1438153955
96842602
1247598908
68718517
472255685
203620553
1342506797
1191303991
243170576
1643691447
504132870
886550244
929036082
1281852079
1979035632
1489299684
1831726
584335454
13453917
979840361
347458452
1112876620
2087891626
1773961237
477138007
987882669
2111342308
1459460265
798794588
1003569097
348448806
89464895
1100411700
1596047715
158183413
1572667385
1799668268
1500690210
616487728
2042838844
996898009
1120620599
781905440
1925934092
254989030
613457425
1267750128
256820756
1197792879
1281204045
1236661118
1545251331
246597017
1177069096
1171728920
723735025
17468117
1135587580
35711642
816262705
2139156678
384160448
905727601
1092084730
1980208163
1063911014
517268467
1632392783
417117576
1133756196
1527747980
1414015586
106893147
162169772
1192466030
361882177
775627197
312732510
618702933
1973420076
1593936555
1855364051
1371187759
1840533572
884949499
395433032
416784949
902417616
1531020612
452496591
1718680322
1522693642
836657040
476924275
467294724
669381555
1540835289
984563192
154290691
1957952865
2118319388
1682038671
1224484803
77728887
1844208443
269467185
439611064
472351993
582199695
1058313997
298288421
28652602
766194401
1669476181
1869186175
1651143900
2064909213
138487476
406077869
1448446177
590984068
2124758191
823656172
1427641108
454198818
1290950896
2097022663
1995034107
128030440
103829706
1805503324
98866180
1785868377
882504480
176595067
1482593173
1151971665
616206131
1954945166
1734171361
1674520129
105749939
1762823963
293230882
1775226120
1484526490
1944374782
1692651685
1623013967
202969003
993614215
66514387
180243546
1817270387
1494155495
634442364
960737635
1443694510
481992823
1088768076
1547524217
140012500
1187634256
1185908946
1022516980
1364229324
521018471
27004997
1980435455
328479989
1761176358
1507471936
434229929
1376516674
1800702818
61972401
713559516
1597593953
1754624087
189089835
1800562956
600754654
255604222
1980806503
270541393
1749759717
467765219
1231279028
1045970580
949758043
172563456
446011149
1089770543
1360197713
1631920095
2112287523
576943389
5454919
2139292520
409895196
333934908
1752985231
1917367133
768164837
982018257
1570586303
830137239
1695577773
1020696608
437277678
1884667609
673775917
1038032332
2140271831
507098772
1308573725
1742547901
974863991
392369105
641034833
1924622034
564932562
1087045982
866908929
1925130275
571482429
831712804
354590016
576937348
823521677
764485212
910872257
429023260
534368697
1679037094
1411041517
2104955001
361690685
959135642
978167961
798968363
696319603
1651943878
1837000695
689107787
11559002
998090772
284172040
986422994
1390459878
925206873
763561380
1955392440
2012252855
1630470310
1733039067
436251636
314699466
2087629083
1013188985
1138221143
704630647
1924061242
1567244403
1238999345
1455614688
830802272
1196470698
1817305374
1789937915
27155011
468790089
338773870
1679098890
158307137
1027881657
1690657892
1156397909
1312053697
529597238
399374139
89776922
1293158619
207282931
2102029777
776145281
1940321998
390797766
1090844747
1880467433
1403986751
81582243
437614433
1180564345
1648826646
1676613778
488695385
332145271
725600828
158517111
2122083186
752755839
627307201
313373408
284371081
785614338
1341255066
1975028974
1942012247
505825115
357142564
193902739
595602038
1650301183
401185670
550148167
278962816
194024021
940945933
1369807564
2074491454
197449036
1451389807
364622239
1378013381
952732805
2041236017
1866708767
1284878076
619353197
2025225878
1259477614
1372109037
505049431
1572851023
2084348484
